0.3   1.09404   2.7073   0.1   
0.355087   1.134   2.69679   0.0550874   
0.408042   1.18025   2.68095   0.0529546   
0.46188   1.2358   2.65735   0.0538382   
0.518552   1.3043   2.62233   0.0566716   
0.579827   1.39083   2.57028   0.0612756   
0.647829   1.50301   2.49233   0.0680017   
0.722053   1.64553   2.3801   0.0742237   
0.795068   1.80555   2.24066   0.0730155   
0.866808   1.97908   2.07666   0.0717402   
0.940324   2.16715   1.88495   0.0735156   
1.02473   2.38085   1.64462   0.0844059   
1.08249   2.51293   1.47477   0.0577629   
1.12826   2.60121   1.34104   0.045767   
1.16875   2.66205   1.22555   0.0404897   
1.20455   2.69885   1.12701   0.0358015   
1.23724   2.7161   1.04084   0.0326876   
1.26923   2.71609   0.960668   0.0319868   
1.30029   2.69882   0.887215   0.0310636   
1.33152   2.66349   0.818091   0.0312332   
1.36495   2.60541   0.74966   0.0334227   
1.3997   2.52322   0.684775   0.034751   
1.43342   2.42343   0.627983   0.0337279   
1.46588   2.31072   0.579062   0.0324516   
1.49735   2.18812   0.536887   0.0314716   
1.52814   2.05809   0.500511   0.0307972   
1.55848   1.92303   0.469269   0.0303358   
1.58849   1.78541   0.442698   0.0300086   
1.61825   1.64764   0.420461   0.029766   
1.64783   1.51202   0.402311   0.0295799   
1.67727   1.38057   0.38807   0.029433   
1.70658   1.25506   0.377625   0.0293109   
1.73577   1.13693   0.370934   0.0291939   
1.76482   1.02736   0.368013   0.0290504   
1.79365   0.927253   0.368932   0.0288308   
1.82212   0.837293   0.373773   0.0284662   
1.85   0.757883   0.382585   0.0278799   
1.87702   0.68907   0.395317   0.0270193   
1.90166   0.633135   0.41089   0.0246363   
1.92585   0.584283   0.430268   0.024197   
1.94913   0.542717   0.453164   0.0232827   
1.9715   0.50756   0.479538   0.0223675   
1.99321   0.47768   0.509712   0.0217113   
2.01466   0.452065   0.544434   0.021442   
2.03626   0.429971   0.584917   0.0216055   
2.05846   0.41097   0.632896   0.0222005   
2.08166   0.394947   0.690685   0.023197   
2.10619   0.382104   0.761223   0.0245361   
2.13231   0.372951   0.847973   0.0261102   
2.15945   0.368324   0.952058   0.0271484   
2.18717   0.368816   1.07385   0.027713   
2.21515   0.374883   1.21323   0.0279859   
2.24313   0.386943   1.36866   0.0279745   
2.27079   0.405353   1.53671   0.0276632   
2.29786   0.430378   1.71219   0.0270739   
2.32271   0.460275   1.87915   0.0248487   
2.34703   0.49685   2.0435   0.0243136   
2.36907   0.537124   2.18889   0.022044   
2.39064   0.583936   2.32325   0.0215706   
2.41031   0.633751   2.43496   0.0196655   
2.4296   0.689938   2.53089   0.0192889   
2.4482   0.751661   2.60749   0.0186056   
2.46617   0.818859   2.664   0.0179676   
2.48383   0.892676   2.70076   0.0176607   
2.50182   0.976225   2.71749   0.0179941   
2.52116   1.07574   2.71104   0.0193393   
2.54336   1.20253   2.67205   0.0221961   
2.5677   1.35659   2.59182   0.024344   
2.59353   1.53547   2.46794   0.0258253   
2.62136   1.74188   2.29762   0.0278278   
2.6525   1.98086   2.07491   0.0311482   
2.6913   2.26852   1.77466   0.038792   
2.72172   2.46471   1.53968   0.0304205   
2.74768   2.59628   1.34925   0.0259666   
2.77017   2.67464   1.19624   0.0224832   
2.79065   2.71232   1.06846   0.0204814   
2.81071   2.71539   0.954941   0.0200646   
2.83075   2.68415   0.853452   0.0200329   
2.85003   2.62247   0.766834   0.0192879   
2.86883   2.53468   0.692542   0.0187955   
2.88702   2.42679   0.629646   0.0181947   
2.90493   2.30233   0.575863   0.0179043   
2.92279   2.16423   0.529648   0.0178606   
2.94074   2.0158   0.4901   0.0179526   
2.95885   1.86076   0.456656   0.0181071   
2.97714   1.70303   0.428918   0.0182876   
2.99562   1.54639   0.406576   0.0184804   
3.0143   1.39422   0.389395   0.0186831   
3.03319   1.24936   0.377229   0.0188953   
3.05231   1.11405   0.370037   0.0191111   
3.07161   0.990011   0.367898   0.0193092   
3.09106   0.878544   0.37099   0.0194421   
3.11048   0.780574   0.379527   0.0194272   
3.12964   0.696615   0.393622   0.0191609   
3.14739   0.629458   0.412132   0.017741   
3.16484   0.572614   0.435985   0.0174524   
3.1816   0.525949   0.464756   0.0167654   
3.19771   0.487845   0.49843   0.0161072   
3.21344   0.456475   0.537686   0.0157325   
3.2292   0.430393   0.584018   0.0157547   
3.24539   0.408722   0.639781   0.0161956   
3.26242   0.391166   0.708259   0.0170278   
3.28061   0.37797   0.793694   0.0181897   
3.30018   0.369888   0.901043   0.019568   
3.3207   0.368061   1.03194   0.0205165   
3.34176   0.373333   1.18639   0.0210605   
3.36306   0.386389   1.36269   0.0213084   
3.38432   0.407823   1.55611   0.0212535   
3.40522   0.438078   1.75876   0.0209034   
3.42429   0.474709   1.94839   0.0190677   
3.44204   0.517671   2.12263   0.0177535   
3.45868   0.566752   2.27765   0.0166419   
3.47503   0.624328   2.41595   0.0163488   
3.48994   0.685827   2.5248   0.0149058   
3.50457   0.755361   2.61127   0.0146284   
3.51878   0.83235   2.67251   0.0142138   
3.53285   0.918311   2.70841   0.0140713   
3.54746   1.01825   2.71784   0.0146054   
3.56374   1.14275   2.69408   0.016277   
3.58237   1.30189   2.62367   0.0186311   
3.60231   1.49011   2.50182   0.0199431   
3.62389   1.70994   2.32548   0.0215845   
3.64819   1.96682   2.08865   0.0242923   
3.67868   2.27686   1.76533   0.0304936   
3.70251   2.48322   1.51525   0.0238306   
3.72292   2.61657   1.3146   0.0204056   
3.74072   2.69022   1.15452   0.0178031   
3.758   2.71799   1.01469   0.0172829   
3.77456   2.70186   0.895919   0.0165569   
3.7908   2.6458   0.793808   0.0162437   
3.80588   2.5605   0.71133   0.0150799   
3.82067   2.44952   0.641293   0.0147883   
3.83528   2.31799   0.581876   0.0146109   
3.8499   2.16997   0.531362   0.0146146   
3.86463   2.00977   0.488665   0.0147299   
3.87952   1.84218   0.453087   0.0148976   
3.89461   1.67215   0.424126   0.0150871   
3.9099   1.50435   0.40139   0.015288   
3.9254   1.34281   0.384593   0.0155001   
3.94112   1.19079   0.373575   0.015724   
3.95708   1.05075   0.368331   0.0159522   
3.97323   0.924473   0.369017   0.0161572   
3.98951   0.813246   0.375912   0.0162772   
4.00572   0.717886   0.389273   0.016211   
4.02158   0.638565   0.409112   0.0158569   
4.03601   0.577403   0.433579   0.014434   
4.05017   0.526712   0.464192   0.0141609   
4.06386   0.485667   0.500749   0.0136914   
4.07727   0.452362   0.543967   0.0134062   
4.09075   0.42513   0.59569   0.0134767   
4.10469   0.402987   0.658941   0.0139439   
4.11947   0.385687   0.737993   0.0147827   
4.1354   0.373689   0.838345   0.0159236   
4.15259   0.368102   0.965839   0.0171921   
4.1705   0.370287   1.12078   0.0179071   
4.18881   0.381186   1.30238   0.0183141   
4.20724   0.40163   1.50635   0.0184306   
4.22548   0.432282   1.72397   0.0182423   
4.24225   0.470864   1.93056   0.0167646   
4.2578   0.516916   2.11991   0.0155574   
4.27232   0.570034   2.28667   0.0145109   
4.28591   0.629886   2.42727   0.0135985   
4.29928   0.699307   2.54429   0.0133633   
4.31212   0.776929   2.63168   0.0128436   
199 36 3.43449e-007